# name: Mimp_AT_500
# type: matrix
# rows: 19
# columns: 18
0,00 0,00 0,00 0,00 0,00 0,00 0,00 0,00 0,00 0,00 0,00 0,00 0,00 0,00 0,00 0,00027754 0,00064815 0,00143017
0,00 0,00 0,00 0,00 0,00 0,00 0,00 0,00 0,00 0,00 0,00 0,00054039 0,00055019 0,00054203 0,00053713 0,00035101 0,00 0,00077712
0,00 0,00 0,00 0,00 0,00 0,00 0,00 0,00 0,00 0,00025142 0,0006057 0,00057794 0,00 0,00 0,00 0,00 0,00008652 0,00055835
0,00 0,00 0,00 0,00 0,00 0,00 0,00 0,0003504 0,00047999 0,00042284 0,00 0,00 0,00 0,00 0,00 0,00 0,00159434 0,0005962
0,00 0,00 0,00004718 0,00074937 0,00196404 0,00194934 0,00064162 0,00050447 0,00021895 0,00 0,00 0,00 0,00 0,00 0,00 0,00036697 0,12790362 0,05709914
0,00 0,00 0,00062692 0,00 0,00 0,00 0,00 0,00 0,00 0,00 0,00 0,00 0,00 0,00 0,00 0,00058789 0,00114388 0,00041631
0,00 0,00027137 0,00062807 0,00 0,00 0,00 0,00 0,00 0,00 0,00 0,00 0,00 0,00 0,00 0,00 0,00215158 0,00016652 0,00105467
0,00 0,00 0,00053902 0,00 0,00 0,00 0,00 0,00 0,00 0,00 0,00 0,00 0,00 0,00 0,00 0,00069869 0,00038625 0,00
1,00 0,00 0,00061936 0,00 0,00005242 0,00070427 0,00 0,00 0,00 0,00 0,0009159 0,00083263 0,00 0,00 0,00513459 0,00010361 0,00198213 0,00
0,0014465 0,00069638 0,0008661 0,00067651 0,00069212 0,00075631 0,00 0,00 0,00033305 0,00119344 0,00074937 0,01647233 0,00 0,00 0,0039793 0,00248136 0,52754312 0,0112961
0,00069386 0,00 0,00 0,00 0,00 0,00054641 0,00068865 0,00113967 0,00040417 0,0002934 0,00173774 0,00174853 0,00143739 0,0012285 0,00139697 0,00033305 0,00069386 0,00
0,0006661 0,00 0,00 0,00 0,00 0,00 0,00 0,00074937 0,00129653 0,0007432 0,00 0,00 0,00 0,00 0,00 0,00 0,00 0,00
0,00033305 0,00022203 0,00 0,00 0,00044407 0,00094365 0,00088814 0,00059209 0,00083818 0,00 0,00 0,00 0,00 0,00 0,00 0,00 0,00 0,00
0,00 0,00058284 0,00 0,0006661 0,00054583 0,00076325 0,0000555 0,00 0,00 0,00 0,00 0,00 0,00 0,00 0,00 0,00 0,00 0,00
0,00 0,0006661 0,00072161 0,00105467 0,00026366 0,00 0,00 0,00 0,00 0,00 0,00 0,00 0,00 0,00 0,00 0,00 0,00 0,00
0,00 0,00047182 0,00 0,01534364 0,00073549 0,00 0,00 0,00 0,00 0,00 0,00 0,00 0,00 0,00 0,00 0,00 0,00 0,00
0,00 0,00 0,00 0,00100841 0,00119344 0,00 0,00 0,00 0,00 0,00 0,00 0,00 0,00 0,00 0,00 0,00 0,00 0,00
0,00 0,00 0,00 0,15838138 0,00022203 0,00 0,00 0,00 0,00 0,00 0,00 0,00 0,00 0,00 0,00 0,00 0,00 0,00
0,00 0,00 0,00 0,0003053 0,00 0,00 0,00 0,00 0,00 0,00 0,00 0,00 0,00 0,00 0,00 0,00 0,00 0,00


